[177788.84445041 171332.505964   165073.8695059  159013.56243761
 153151.91569513 147488.84939448 142023.78213587 136755.5643916
 131682.43572339 126802.00492668 122111.25158519 117606.54697269
 113283.69179233 109137.96791641 105164.20109378 101356.8315299
  97709.98931001  94217.57181356  90873.32054007  87670.89510837
  84603.94257868  81666.16065625  78851.35374356  76153.48119721
  73566.69750044  71085.38437162  68704.17508774  66417.97150616
  64221.95441899  62111.58797558  60082.61896509  58131.07176833
  56253.23977463  54445.67402028  52705.16974844  51028.75152141
  49413.65743997  47857.32294625  46357.36460842  44911.56421185
  43517.85341207  42174.29914301  40879.08991869  39630.52311944
  38426.99331318  37266.98162962  36149.04617813  35071.81347977
  34033.97086762  33034.25979905  32071.47001552  31144.4344814
  30252.02503154  29393.14865734  28566.74436296  27771.7805261
  27007.25270158  26272.18181012  25565.61265934  24886.61274866
  24234.27131452  23607.69857677  23006.02515162  22428.40160061
  21873.99808878  21342.00412887  20831.62839165  20342.09856528
  19872.66124914  19422.58187025  18991.144612    18577.65234699
  18181.42656746  17801.80730781  17438.15305518  17089.84064508
  16756.26513968  16436.83968741  16130.99536292  15838.18098701
  15557.86292673  15289.52487582  15032.66761639  14786.80876269
  14551.48248791  14326.2392354   14110.6454155   13904.28308932
  13706.74964091  13517.65743918  13336.63349093  13163.31908651
  12997.36943921  12838.45331988  12686.25268792  12540.46231983
  12400.78943652  12266.95333033  12138.68499281  12015.72674418
  11897.83186539  11784.76423341  11676.2979606   11572.21703882
  11472.31498876  11376.39451517  11284.26716831  11195.75301215
  11110.6802996   11028.88515516  10950.21126513  10874.50957569
  10801.63799903  10731.46112756  10663.84995637  10598.68161402
  10535.83910158  10475.21104004  10416.69142597  10360.17939548
  10305.57899624  10252.79896766  10201.75252897  10152.35717513
  10104.53448049  10058.20990993  10013.31263737   9969.77537156
   9927.53418879   9886.52837258   9846.70025994   9807.9950941
   9770.36088358   9733.74826729   9698.11038554   9663.40275673
   9629.58315959   9596.61152065   9564.44980686   9533.06192318
   9502.41361486   9472.47237432   9443.20735233   9414.58927357
   9386.59035603   9359.18423441   9332.34588722   9306.05156738
   9280.27873626   9255.00600098   9230.21305477   9205.88062041
   9181.99039635   9158.52500571   9135.46794771   9112.80355171
   9090.51693344   9068.59395364   9047.02117871   9025.78584344
   9004.87581564   8984.27956266   8963.98611964   8943.98505936
   8924.2664638    8904.82089706   8885.6393798    8866.71336502
   8848.03471507   8829.59567999   8811.38887687   8793.40727044
   8775.64415461   8758.09313502   8740.74811259   8723.60326785
   8706.65304619   8689.89214389   8673.3154949    8656.91825832
   8640.69580657   8624.64371423   8608.75774744   8593.0338539
   8577.4681534    8562.05692889   8546.796618     8531.68380508
   8516.71521356   8501.8876989    8487.19824174   8472.64394154
   8458.22201056   8443.9297681    8429.76463512   8415.72412913
   8401.80585934   8388.00752213   8374.32689666   8360.76184087
   8347.31028756   8333.97024072   8320.73977214   8307.61701809
   8294.60017622   8281.68750269   8268.87730933   8256.16796109
   8243.5578735    8231.04551037   8218.62938156   8206.30804086
   8194.08008402   8181.94414687   8169.89890352   8157.94306469
   8146.07537608   8134.29461692   8122.59959844   8110.98916259
   8099.46218073   8088.01755237   8076.65420407   8065.37108829
   8054.16718238   8043.04148758   8031.99302809   8021.02085015
   8010.12402123   7999.30162921   7988.55278161   7977.8766049
   7967.27224376   7956.73886046   7946.27563422   7935.88176064
   7925.55645111   7915.29893229   7905.10844559   7894.98424669
   7884.92560508   7874.93180359   7865.00213801   7855.13591667
   7845.33246003   7835.59110038   7825.91118139   7816.2920579
   7806.73309548   7797.23367022   7787.79316837   7778.4109861
   7769.08652922   7759.81921292   7750.60846154   7741.45370832
   7732.35439516   7723.30997244   7714.31989879   7705.38364088
   7696.50067325   7687.67047813   7678.89254522   7670.16637156
   7661.49146136   7652.86732583   7644.29348302   7635.76945769
   7627.29478117   7618.86899122   7610.49163185   7602.16225329
   7593.88041177   7585.64566945   7577.45759431   7569.31575999
   7561.21974574   7553.16913628   7545.1635217    7537.20249738
   7529.28566386   7521.41262679   7513.58299679   7505.79638942
   7498.05242504   7490.35072876   7482.69093033   7475.07266411
   7467.49556895   7459.95928811   7452.46346923   7445.00776423
   7437.59182924   7430.21532453   7422.87791447   7415.57926742
   7408.31905573   7401.09695561   7393.91264713   7386.7658141
   7379.65614408   7372.58332827   7365.54706149   7358.54704209
   7351.58297195   7344.65455636   7337.76150404   7330.90352704
   7324.08034071   7317.29166366   7310.53721769   7303.81672776
   7297.12992197   7290.47653146   7283.85629041   7277.26893597
   7270.71420826   7264.19185029   7257.70160791   7251.24322983
   7244.8164675    7238.42107517   7232.05680974   7225.72343083
   7219.42070066   7213.14838407   7206.90624847   7200.69406377
   7194.51160241   7188.35863927   7182.23495169   7176.14031936
   7170.07452439   7164.03735119   7158.02858649   7152.0480193
   7146.09544085   7140.17064462   7134.27342625   7128.40358355
   7122.56091647   7116.74522704   7110.9563194    7105.19399969
   7099.45807613   7093.7483589    7088.06466017   7082.40679404
   7076.77457654   7071.16782562   7065.58636106   7060.03000453
   7054.4985795    7048.99191126   7043.50982687   7038.05215517
   7032.6187267    7027.20937376   7021.82393029   7016.46223196
   7011.12411605   7005.80942148   7000.5179888    6995.24966013
   6990.00427917   6984.78169117   6979.58174291   6974.4042827
   6969.24916032   6964.11622704   6959.0053356    6953.91634016
   6948.84909632   6943.80346108   6938.77929283   6933.77645133
   6928.79479769   6923.83419439   6918.89450519   6913.97559518
   6909.07733074   6904.19957953   6899.34221046   6894.50509369
   6889.68810061   6884.89110382   6880.11397714   6875.35659556
   6870.61883524   6865.90057352   6861.20168885   6856.52206085
   6851.86157023   6847.22009881   6842.59752952   6837.99374635
   6833.40863435   6828.84207965   6824.29396939   6819.76419177
   6815.25263599   6810.75919225   6806.28375174   6801.82620667
   6797.38645017   6792.96437635   6788.55988028   6784.17285795
   6779.80320629   6775.45082312   6771.1156072    6766.79745815
   6762.4962765    6758.21196365   6753.94442184   6749.6935542
   6745.45926467   6741.24145806   6737.04003997   6732.85491683
   6728.68599589   6724.53318518   6720.39639352   6716.27553052
   6712.17050654   6708.08123273   6704.00762096   6699.94958388
   6695.90703486   6691.87988798   6687.86805807   6683.87146066
   6679.89001197   6675.92362895   6671.9722292    6668.03573102
   6664.11405339   6660.20711594   6656.31483898   6652.43714343
   6648.57395091   6644.72518363   6640.89076445   6637.07061685
   6633.26466493   6629.4728334    6625.69504757   6621.93123333
   6618.18131719   6614.44522622   6610.72288808   6607.014231
   6603.31918376   6599.63767572   6595.96963677   6592.31499738
   6588.67368851   6585.04564171   6581.43078903   6577.82906304
   6574.24039683   6570.66472402   6567.10197873   6563.55209556
   6560.01500963   6556.49065655   6552.97897241   6549.47989377
   6545.9933577    6542.5193017    6539.05766376   6535.60838232
   6532.1713963    6528.74664503   6525.33406834   6521.93360644
   6518.54520004   6515.16879024   6511.80431858   6508.45172703
   6505.11095799   6501.78195425   6498.46465902   6495.15901594
   6491.86496902   6488.58246268   6485.31144176   6482.05185146
   6478.80363737   6475.56674548   6472.34112215   6469.12671411
   6465.92346847   6462.73133271   6459.55025466   6456.38018253
   6453.22106488   6450.07285061   6446.935489     6443.80892964
   6440.69312249   6437.58801784   6434.49356632   6431.4097189
   6428.33642686   6425.27364183   6422.22131574   6419.17940087
   6416.14784979   6413.12661539   6410.11565089   6407.1149098
   6404.12434595   6401.14391344   6398.17356671   6395.21326048
   6392.26294976   6389.32258986   6386.39213636   6383.47154516
   6380.5607724    6377.65977454   6374.76850829   6371.88693065
   6369.01499889   6366.15267055   6363.29990343   6360.4566556
   6357.6228854    6354.79855143   6351.98361252   6349.1780278
   6346.38175661   6343.59475858   6340.81699356   6338.04842166
   6335.28900323   6332.53869885   6329.79746937   6327.06527586
   6324.3420796    6321.62784216   6318.92252528   6316.22609098
   6313.53850148   6310.85971922   6308.18970689   6305.52842738
   6302.87584379   6300.23191947   6297.59661796   6294.96990302
   6292.35173862   6289.74208894   6287.14091838   6284.54819152
   6281.96387318   6279.38792835   6276.82032224   6274.26102025
   6271.70998799   6269.16719124   6266.632596     6264.10616845
   6261.58787497   6259.07768212   6256.57555666   6254.08146552
   6251.59537581   6249.11725486   6246.64707014   6244.18478932
   6241.73038025   6239.28381095   6236.84504962   6234.41406463
   6231.99082452   6229.57529802   6227.167454     6224.76726153
   6222.37468983   6219.98970828   6217.61228643   6215.24239401
   6212.8800009    6210.52507712   6208.17759288   6205.83751854
   6203.5048246    6201.17948174   6198.86146078   6196.55073269
   6194.24726861   6191.95103981   6189.66201773   6187.38017393
   6185.10548014   6182.83790825   6180.57743025   6178.32401831
   6176.07764473   6173.83828196   6171.60590259   6169.38047933
   6167.16198505   6164.95039275   6162.74567557   6160.54780678
   6158.3567598    6156.17250815   6153.99502551   6151.8242857
   6149.66026264   6147.50293039   6145.35226316   6143.20823526
   6141.07082114   6138.93999538   6136.81573267   6134.69800784
   6132.58679583   6130.48207171   6128.38381067   6126.29198802
   6124.20657919   6122.12755973   6120.0549053    6117.98859168
   6115.92859479   6113.87489062   6111.82745532   6109.78626512
   6107.75129638   6105.72252557   6103.69992927   6101.68348418
   6099.67316708   6097.6689549    6095.67082465   6093.67875346
   6091.69271856   6089.71269729   6087.7386671    6085.77060553
   6083.80849025   6081.852299     6079.90200965   6077.95760016
   6076.01904859   6074.08633311   6072.15943198   6070.23832358
   6068.32298634   6066.41339885   6064.50953976   6062.61138782
   6060.71892188   6058.83212089   6056.9509639    6055.07543003
   6053.20549852   6051.34114868   6049.48235994   6047.6291118
   6045.78138386   6043.93915581   6042.10240743   6040.27111859
   6038.44526924   6036.62483943   6034.80980929   6033.00015906
   6031.19586903   6029.3969196    6027.60329126   6025.81496456
   6024.03192017   6022.2541388    6020.4816013    6018.71428854
   6016.95218153   6015.19526133   6013.44350908   6011.69690601
   6009.95543345   6008.21907277   6006.48780545   6004.76161303
   6003.04047716   6001.32437952   5999.61330192   5997.9072262
   5996.20613432   5994.51000828   5992.81883018   5991.13258219
   5989.45124655   5987.77480557   5986.10324165   5984.43653726
   5982.77467493   5981.11763728   5979.46540699   5977.81796682
   5976.17529959   5974.53738822   5972.90421567   5971.27576498
   5969.65201926   5968.03296171   5966.41857556   5964.80884414
   5963.20375085   5961.60327913   5960.00741252   5958.41613461
   5956.82942905   5955.24727958   5953.66966999   5952.09658413
   5950.52800594   5948.96391941   5947.40430859   5945.8491576
   5944.29845063   5942.75217193   5941.2103058    5939.67283663
   5938.13974885   5936.61102697   5935.08665554   5933.56661921
   5932.05090264   5930.53949059   5929.03236787   5927.52951936
   5926.03092997   5924.53658471   5923.04646862   5921.56056681
   5920.07886446   5918.60134678   5917.12799907   5915.65880666
   5914.19375497   5912.73282946   5911.27601563   5909.82329907
   5908.3746654    5906.93010032   5905.48958956   5904.05311893
   5902.62067428   5901.19224153   5899.76780663   5898.34735561
   5896.93087455   5895.51834957   5894.10976685   5892.70511264
   5891.30437322   5889.90753494   5888.5145842    5887.12550744
   5885.74029116   5884.35892192   5882.98138632   5881.60767103
   5880.23776275   5878.87164823   5877.5093143    5876.15074781
   5874.79593567   5873.44486485   5872.09752235   5870.75389525
   5869.41397064   5868.0777357    5866.74517763   5865.41628368
   5864.09104118   5862.76943746   5861.45145993   5860.13709605
   5858.82633331   5857.51915926   5856.21556149   5854.91552764
   5853.6190454    5852.32610251   5851.03668673   5849.75078591
   5848.4683879    5847.18948063   5845.91405206   5844.6420902
   5843.3735831    5842.10851886   5840.84688563   5839.58867158
   5838.33386496   5837.08245403   5835.83442712   5834.5897726
   5833.34847885   5832.11053435   5830.87592757   5829.64464706
   5828.4166814    5827.1920192    5825.97064913   5824.75255989
   5823.53774024   5822.32617896   5821.11786488   5819.91278687
   5818.71093385   5817.51229478   5816.31685864   5815.12461448
   5813.93555136   5812.74965842   5811.5669248    5810.3873397
   5809.21089236   5808.03757205   5806.8673681    5805.70026985
   5804.5362667    5803.37534808   5802.21750347   5801.06272238
   5799.91099435   5798.76230898   5797.61665588   5796.47402473
   5795.33440522   5794.19778709   5793.06416013   5791.93351413
   5790.80583896   5789.6811245    5788.55936068   5787.44053746
   5786.32464483   5785.21167284   5784.10161155   5782.99445106
   5781.89018153   5780.78879313   5779.69027608   5778.59462062
   5777.50181704   5776.41185566   5775.32472683   5774.24042096
   5773.15892845   5772.08023978   5771.00434543   5769.93123593
   5768.86090185   5767.79333379   5766.72852237   5765.66645826
   5764.60713216   5763.5505348    5762.49665695   5761.44548939
   5760.39702297   5759.35124856   5758.30815704   5757.26773934
   5756.22998644   5755.19488932   5754.16243901   5753.13262658
   5752.10544311   5751.08087973   5750.05892759   5749.03957788
   5748.02282182   5747.00865066   5745.99705568   5744.98802819
   5743.98155954   5742.9776411    5741.97626428   5740.97742052
   5739.98110127   5738.98729804   5737.99600236   5737.00720577
   5736.02089988   5735.0370763    5734.05572667   5733.07684267
   5732.10041602   5731.12643844   5730.1549017    5729.1857976
   5728.21911796   5727.25485464   5726.29299951   5725.33354449
   5724.37648153   5723.42180257   5722.46949964   5721.51956474
   5720.57198993   5719.6267673    5718.68388895   5717.74334702
   5716.80513368   5715.86924112   5714.93566157   5714.00438726
   5713.07541048   5712.14872353   5711.22431874   5710.30218846
   5709.38232509   5708.46472103   5707.54936872   5706.63626062
   5705.72538923   5704.81674707   5703.91032668   5703.00612062
   5702.1041215    5701.20432195   5700.3067146    5699.41129213
   5698.51804724   5697.62697267   5696.73806116   5695.85130548
   5694.96669845   5694.08423288   5693.20390164   5692.3256976
   5691.44961367   5690.57564276   5689.70377784   5688.83401189
   5687.9663379    5687.1007489    5686.23723795   5685.37579812
   5684.51642251   5683.65910424   5682.80383647   5681.95061237
   5681.09942512   5680.25026796   5679.40313413   5678.55801689
   5677.71490953   5676.87380538   5676.03469776   5675.19758005
   5674.36244562   5673.52928788   5672.69810026   5671.86887622
   5671.04160924   5670.21629281   5669.39292045   5668.57148572
   5667.75198217   5666.9344034    5666.11874302   5665.30499466
   5664.49315199   5663.68320867   5662.87515842   5662.06899495
   5661.26471201   5660.46230336   5659.6617628    5658.86308413
   5658.06626119   5657.27128782   5656.47815791   5655.68686535
   5654.89740405   5654.10976796   5653.32395103   5652.53994724
   5651.7577506    5650.97735513   5650.19875486   5649.42194388
   5648.64691625   5647.87366608   5647.10218751   5646.33247467
   5645.56452173   5644.79832288   5644.03387233   5643.27116429]
