[[276659.63085532]
 [266956.53146827]
 [257580.23653306]
 [248481.69461483]
 [239623.18325326]
 [230976.32445699]
 [222520.50062377]
 [214241.56190668]
 [206130.74626958]
 [198183.7553421 ]
 [190399.94533816]
 [182781.60446334]
 [175333.29753017]
 [168061.2656539 ]
 [160972.87438487]
 [154076.10774498]
 [147379.10857161]
 [140889.76746872]
 [134615.36363463]
 [128562.26098775]
 [122735.66246817]
 [117139.42429268]
 [111775.93044127]
 [106646.02592239]
 [101749.00557194]
 [ 97082.65344687]
 [ 92643.32641634]
 [ 88426.07443737]
 [ 84424.78929617]
 [ 80632.37332799]
 [ 77040.91978631]
 [ 73641.89707124]
 [ 70426.3298773 ]
 [ 67384.97139655]
 [ 64508.46192207]
 [ 61787.47045148]
 [ 59212.81711075]
 [ 56775.57534192]
 [ 54467.15377848]
 [ 52279.35854021]
 [ 50204.43730383]
 [ 48235.10694943]
 [ 46364.56685776]
 [ 44586.50006197]
 [ 42895.0644628 ]
 [ 41284.87622691]
 [ 39750.98732827]
 [ 38288.85898691]
 [ 36894.33252884]
 [ 35563.59895072]
 [ 34293.16823833]
 [ 33079.83926627]
 [ 31920.67090589]
 [ 30812.95479132]
 [ 29754.19004227]
 [ 28742.06011652]
 [ 27774.41186298]
 [ 26849.23676684]
 [ 25964.6543179 ]
 [ 25118.89739023]
 [ 24310.29949205]
 [ 23537.28372743]
 [ 22798.35330309]
 [ 22092.08341256]
 [ 21417.1143344 ]
 [ 20772.14558906]
 [ 20155.93100974]
 [ 19567.27459492]
 [ 19005.02702293]
 [ 18468.08272221]
 [ 17955.37740353]
 [ 17465.88597281]
 [ 16998.6207541 ]
 [ 16552.62996302]
 [ 16126.99638009]
 [ 15720.83618164]
 [ 15333.29789348]
 [ 14963.56143858]
 [ 14610.83725589]
 [ 14274.36547161]
 [ 13953.41510864]
 [ 13647.28332282]
 [ 13355.29465771]
 [ 13076.8003115 ]
 [ 12811.1774118 ]
 [ 12557.82829534]
 [ 12316.17979079]
 [ 12085.68250383]
 [ 11865.81010431]
 [ 11656.05861574]
 [ 11455.94570793]
 [ 11265.00999356]
 [ 11082.81032987]
 [ 10908.92512664]
 [ 10742.95166166]
 [ 10584.50540484]
 [ 10433.21935222]
 [ 10288.74337081]
 [ 10150.74355538]
 [ 10018.90159807]
 [  9892.91417152]
 [  9772.49232637]
 [  9657.36090359]
 [  9547.25796223]
 [  9441.93422283]
 [  9341.15252705]
 [  9244.6873134 ]
 [  9152.32410958]
 [  9063.8590411 ]
 [  8979.09835654]
 [  8897.85796911]
 [  8819.96301459]
 [  8745.24742529]
 [  8673.55352003]
 [  8604.73160974]
 [  8538.6396184 ]
 [  8475.14271917]
 [  8414.11298515]
 [  8355.4290546 ]
 [  8298.97581015]
 [  8244.64407173]
 [  8192.33030262]
 [  8141.93632848]
 [  8093.36906874]
 [  8046.54028012]
 [  8001.36631168]
 [  7957.76787123]
 [  7915.66980245]
 [  7875.00087249]
 [  7835.69356963]
 [  7797.68391054]
 [  7760.91125685]
 [  7725.31814055]
 [  7690.85009797]
 [  7657.45551193]
 [  7625.08546168]
 [  7593.69358033]
 [  7563.23591948]
 [  7533.67082066]
 [  7504.95879327]
 [  7477.06239884]
 [  7449.94614116]
 [  7423.57636211]
 [  7397.92114296]
 [  7372.95021066]
 [  7348.63484924]
 [  7324.9478157 ]
 [  7301.86326044]
 [  7279.35665189]
 [  7257.4047051 ]
 [  7235.98531425]
 [  7215.07748867]
 [  7194.66129235]
 [  7174.71778674]
 [  7155.22897656]
 [  7136.17775866]
 [  7117.54787355]
 [  7099.32385968]
 [  7081.49101009]
 [  7064.0353316 ]
 [  7046.94350606]
 [  7030.2028539 ]
 [  7013.80129955]
 [  6997.72733883]
 [  6981.97000816]
 [  6966.51885547]
 [  6951.36391265]
 [  6936.49566962]
 [  6921.90504981]
 [  6907.58338695]
 [  6893.52240327]
 [  6879.71418879]
 [  6866.15118185]
 [  6852.82615065]
 [  6839.73217591]
 [  6826.86263444]
 [  6814.21118361]
 [  6801.77174676]
 [  6789.53849932]
 [  6777.50585584]
 [  6765.66845758]
 [  6754.02116096]
 [  6742.55902652]
 [  6731.27730856]
 [  6720.17144536]
 [  6709.23704992]
 [  6698.46990121]
 [  6687.86593592]
 [  6677.4212407 ]
 [  6667.13204475]
 [  6656.99471289]
 [  6647.00573897]
 [  6637.16173969]
 [  6627.45944868]
 [  6617.89571102]
 [  6608.46747792]
 [  6599.17180183]
 [  6590.00583171]
 [  6580.9668086 ]
 [  6572.05206146]
 [  6563.25900316]
 [  6554.58512676]
 [  6546.02800194]
 [  6537.58527165]
 [  6529.2546489 ]
 [  6521.03391379]
 [  6512.92091062]
 [  6504.91354521]
 [  6497.00978231]
 [  6489.2076432 ]
 [  6481.50520336]
 [  6473.90059031]
 [  6466.39198152]
 [  6458.97760245]
 [  6451.65572471]
 [  6444.42466422]
 [  6437.28277961]
 [  6430.22847056]
 [  6423.26017632]
 [  6416.37637423]
 [  6409.57557837]
 [  6402.85633826]
 [  6396.21723758]
 [  6389.65689303]
 [  6383.17395316]
 [  6376.76709733]
 [  6370.43503465]
 [  6364.17650305]
 [  6357.99026829]
 [  6351.87512312]
 [  6345.82988639]
 [  6339.85340227]
 [  6333.94453944]
 [  6328.1021904 ]
 [  6322.32527069]
 [  6316.61271827]
 [  6310.96349284]
 [  6305.37657523]
 [  6299.85096679]
 [  6294.3856888 ]
 [  6288.97978198]
 [  6283.63230591]
 [  6278.34233852]
 [  6273.10897563]
 [  6267.9313305 ]
 [  6262.80853331]
 [  6257.73973079]
 [  6252.72408579]
 [  6247.76077684]
 [  6242.84899783]
 [  6237.98795757]
 [  6233.17687948]
 [  6228.4150012 ]
 [  6223.7015743 ]
 [  6219.03586392]
 [  6214.41714847]
 [  6209.84471933]
 [  6205.31788056]
 [  6200.83594859]
 [  6196.39825198]
 [  6192.00413115]
 [  6187.6529381 ]
 [  6183.34403617]
 [  6179.07679981]
 [  6174.85061433]
 [  6170.66487567]
 [  6166.51899022]
 [  6162.41237453]
 [  6158.34445517]
 [  6154.31466849]
 [  6150.32246042]
 [  6146.36728631]
 [  6142.44861071]
 [  6138.5659072 ]
 [  6134.71865823]
 [  6130.9063549 ]
 [  6127.12849684]
 [  6123.38459204]
 [  6119.67415664]
 [  6115.99671485]
 [  6112.35179875]
 [  6108.73894812]
 [  6105.15771037]
 [  6101.60764033]
 [  6098.08830013]
 [  6094.5992591 ]
 [  6091.14009357]
 [  6087.7103868 ]
 [  6084.30972884]
 [  6080.93771639]
 [  6077.59395268]
 [  6074.2780474 ]
 [  6070.98961649]
 [  6067.72828213]
 [  6064.49367257]
 [  6061.28542201]
 [  6058.10317056]
 [  6054.94656406]
 [  6051.81525404]
 [  6048.70889757]
 [  6045.62715721]
 [  6042.56970087]
 [  6039.53620175]
 [  6036.52633823]
 [  6033.5397938 ]
 [  6030.57625693]
 [  6027.63542104]
 [  6024.71698437]
 [  6021.82064992]
 [  6018.94612536]
 [  6016.09312296]
 [  6013.26135949]
 [  6010.45055616]
 [  6007.66043855]
 [  6004.89073654]
 [  6002.14118418]
 [  5999.41151972]
 [  5996.70148543]
 [  5994.01082764]
 [  5991.33929657]
 [  5988.68664634]
 [  5986.05263487]
 [  5983.43702381]
 [  5980.83957851]
 [  5978.26006794]
 [  5975.6982646 ]
 [  5973.15394453]
 [  5970.62688717]
 [  5968.11687537]
 [  5965.62369532]
 [  5963.14713644]
 [  5960.6869914 ]
 [  5958.24305604]
 [  5955.81512929]
 [  5953.40301316]
 [  5951.00651266]
 [  5948.62543576]
 [  5946.25959337]
 [  5943.90879923]
 [  5941.57286992]
 [  5939.25162478]
 [  5936.94488588]
 [  5934.65247799]
 [  5932.37422848]
 [  5930.10996735]
 [  5927.85952714]
 [  5925.6227429 ]
 [  5923.39945215]
 [  5921.18949485]
 [  5918.99271333]
 [  5916.8089523 ]
 [  5914.63805875]
 [  5912.47988198]
 [  5910.33427352]
 [  5908.20108707]
 [  5906.08017856]
 [  5903.97140599]
 [  5901.87462949]
 [  5899.78971126]
 [  5897.71651552]
 [  5895.65490848]
 [  5893.60475833]
 [  5891.56593519]
 [  5889.53831109]
 [  5887.52175992]
 [  5885.51615741]
 [  5883.52138113]
 [  5881.53731041]
 [  5879.56382634]
 [  5877.60081174]
 [  5875.64815113]
 [  5873.70573072]
 [  5871.77343832]
 [  5869.85116342]
 [  5867.93879706]
 [  5866.03623186]
 [  5864.143362  ]
 [  5862.26008315]
 [  5860.3862925 ]
 [  5858.52188871]
 [  5856.66677188]
 [  5854.82084353]
 [  5852.98400659]
 [  5851.15616538]
 [  5849.33722557]
 [  5847.52709415]
 [  5845.72567946]
 [  5843.93289111]
 [  5842.14864   ]
 [  5840.37283827]
 [  5838.60539931]
 [  5836.84623772]
 [  5835.09526929]
 [  5833.352411  ]
 [  5831.61758099]
 [  5829.89069852]
 [  5828.171684  ]
 [  5826.46045893]
 [  5824.75694591]
 [  5823.06106859]
 [  5821.37275171]
 [  5819.69192101]
 [  5818.01850329]
 [  5816.35242631]
 [  5814.69361887]
 [  5813.04201072]
 [  5811.39753256]
 [  5809.76011606]
 [  5808.12969381]
 [  5806.5061993 ]
 [  5804.88956696]
 [  5803.27973206]
 [  5801.67663079]
 [  5800.08020018]
 [  5798.49037809]
 [  5796.90710324]
 [  5795.33031518]
 [  5793.75995423]
 [  5792.19596154]
 [  5790.63827904]
 [  5789.08684942]
 [  5787.54161613]
 [  5786.00252339]
 [  5784.46951613]
 [  5782.94254003]
 [  5781.42154146]
 [  5779.90646753]
 [  5778.397266  ]
 [  5776.89388535]
 [  5775.3962747 ]
 [  5773.90438387]
 [  5772.41816329]
 [  5770.93756407]
 [  5769.46253793]
 [  5767.99303722]
 [  5766.52901489]
 [  5765.07042452]
 [  5763.61722027]
 [  5762.16935689]
 [  5760.7267897 ]
 [  5759.28947458]
 [  5757.85736801]
 [  5756.43042698]
 [  5755.00860904]
 [  5753.59187227]
 [  5752.18017529]
 [  5750.77347722]
 [  5749.37173771]
 [  5747.9749169 ]
 [  5746.58297543]
 [  5745.19587444]
 [  5743.81357553]
 [  5742.43604079]
 [  5741.06323278]
 [  5739.69511451]
 [  5738.33164945]
 [  5736.97280151]
 [  5735.61853506]
 [  5734.26881487]
 [  5732.92360618]
 [  5731.5828746 ]
 [  5730.24658621]
 [  5728.91470745]
 [  5727.5872052 ]
 [  5726.26404671]
 [  5724.94519964]
 [  5723.63063203]
 [  5722.32031229]
 [  5721.01420922]
 [  5719.71229198]
 [  5718.41453008]
 [  5717.12089342]
 [  5715.83135223]
 [  5714.54587708]
 [  5713.26443891]
 [  5711.98700898]
 [  5710.71355888]
 [  5709.44406055]
 [  5708.17848621]
 [  5706.91680845]
 [  5705.65900014]
 [  5704.40503446]
 [  5703.15488493]
 [  5701.90852532]
 [  5700.66592973]
 [  5699.42707255]
 [  5698.19192845]
 [  5696.96047237]
 [  5695.73267957]
 [  5694.50852554]
 [  5693.28798608]
 [  5692.07103723]
 [  5690.85765531]
 [  5689.64781689]
 [  5688.44149882]
 [  5687.23867816]
 [  5686.03933227]
 [  5684.84343872]
 [  5683.65097534]
 [  5682.46192019]
 [  5681.27625158]
 [  5680.09394803]
 [  5678.9149883 ]
 [  5677.73935139]
 [  5676.56701651]
 [  5675.39796309]
 [  5674.23217077]
 [  5673.06961942]
 [  5671.91028912]
 [  5670.75416013]
 [  5669.60121296]
 [  5668.45142828]
 [  5667.304787  ]
 [  5666.16127018]
 [  5665.02085911]
 [  5663.88353527]
 [  5662.7492803 ]
 [  5661.61807607]
 [  5660.48990458]
 [  5659.36474807]
 [  5658.24258891]
 [  5657.12340967]
 [  5656.0071931 ]
 [  5654.8939221 ]
 [  5653.78357975]
 [  5652.6761493 ]
 [  5651.57161417]
 [  5650.46995792]
 [  5649.3711643 ]
 [  5648.2752172 ]
 [  5647.18210067]
 [  5646.09179891]
 [  5645.00429627]
 [  5643.91957727]
 [  5642.83762656]
 [  5641.75842893]
 [  5640.68196934]
 [  5639.60823287]
 [  5638.53720474]
 [  5637.46887032]
 [  5636.40321511]
 [  5635.34022475]
 [  5634.27988501]
 [  5633.22218179]
 [  5632.16710112]
 [  5631.11462917]
 [  5630.06475221]
 [  5629.01745665]
 [  5627.97272904]
 [  5626.93055602]
 [  5625.89092437]
 [  5624.85382098]
 [  5623.81923287]
 [  5622.78714716]
 [  5621.75755109]
 [  5620.730432  ]
 [  5619.70577738]
 [  5618.68357478]
 [  5617.6638119 ]
 [  5616.64647651]
 [  5615.63155651]
 [  5614.61903991]
 [  5613.60891479]
 [  5612.60116938]
 [  5611.59579196]
 [  5610.59277094]
 [  5609.59209482]
 [  5608.5937522 ]
 [  5607.59773178]
 [  5606.60402233]
 [  5605.61261274]
 [  5604.62349198]
 [  5603.63664912]
 [  5602.65207331]
 [  5601.66975378]
 [  5600.68967988]
 [  5599.71184101]
 [  5598.73622667]
 [  5597.76282646]
 [  5596.79163004]
 [  5595.82262717]
 [  5594.85580768]
 [  5593.89116147]
 [  5592.92867856]
 [  5591.968349  ]
 [  5591.01016295]
 [  5590.05411064]
 [  5589.10018236]
 [  5588.1483685 ]
 [  5587.19865951]
 [  5586.25104591]
 [  5585.3055183 ]
 [  5584.36206734]
 [  5583.42068378]
 [  5582.48135843]
 [  5581.54408217]
 [  5580.60884594]
 [  5579.67564075]
 [  5578.74445769]
 [  5577.8152879 ]
 [  5576.8881226 ]
 [  5575.96295306]
 [  5575.03977063]
 [  5574.11856669]
 [  5573.19933273]
 [  5572.28206027]
 [  5571.3667409 ]
 [  5570.45336625]
 [  5569.54192805]
 [  5568.63241806]
 [  5567.7248281 ]
 [  5566.81915006]
 [  5565.91537587]
 [  5565.01349753]
 [  5564.11350709]
 [  5563.21539666]
 [  5562.31915841]
 [  5561.42478453]
 [  5560.53226731]
 [  5559.64159906]
 [  5558.75277216]
 [  5557.86577903]
 [  5556.98061215]
 [  5556.09726404]
 [  5555.21572728]
 [  5554.3359945 ]
 [  5553.45805836]
 [  5552.5819116 ]
 [  5551.70754699]
 [  5550.83495733]
 [  5549.96413551]
 [  5549.09507442]
 [  5548.22776704]
 [  5547.36220635]
 [  5546.49838541]
 [  5545.63629731]
 [  5544.7759352 ]
 [  5543.91729223]
 [  5543.06036166]
 [  5542.20513673]
 [  5541.35161075]
 [  5540.49977708]
 [  5539.64962912]
 [  5538.80116028]
 [  5537.95436405]
 [  5537.10923394]
 [  5536.2657635 ]
 [  5535.42394632]
 [  5534.58377605]
 [  5533.74524634]
 [  5532.90835091]
 [  5532.0730835 ]
 [  5531.23943791]
 [  5530.40740794]
 [  5529.57698746]
 [  5528.74817037]
 [  5527.92095059]
 [  5527.09532209]
 [  5526.27127888]
 [  5525.44881498]
 [  5524.62792448]
 [  5523.80860148]
 [  5522.99084012]
 [  5522.17463458]
 [  5521.35997906]
 [  5520.5468678 ]
 [  5519.73529508]
 [  5518.9252552 ]
 [  5518.1167425 ]
 [  5517.30975136]
 [  5516.50427617]
 [  5515.70031137]
 [  5514.89785142]
 [  5514.09689083]
 [  5513.2974241 ]
 [  5512.49944581]
 [  5511.70295054]
 [  5510.9079329 ]
 [  5510.11438754]
 [  5509.32230913]
 [  5508.53169238]
 [  5507.74253202]
 [  5506.95482281]
 [  5506.16855954]
 [  5505.38373703]
 [  5504.60035011]
 [  5503.81839367]
 [  5503.0378626 ]
 [  5502.25875183]
 [  5501.48105631]
 [  5500.70477101]
 [  5499.92989096]
 [  5499.15641117]
 [  5498.38432671]
 [  5497.61363265]
 [  5496.84432411]
 [  5496.07639623]
 [  5495.30984415]
 [  5494.54466307]
 [  5493.78084819]
 [  5493.01839475]
 [  5492.257298  ]
 [  5491.49755322]
 [  5490.73915572]
 [  5489.98210083]
 [  5489.2263839 ]
 [  5488.4720003 ]
 [  5487.71894543]
 [  5486.96721472]
 [  5486.2168036 ]
 [  5485.46770755]
 [  5484.71992204]
 [  5483.9734426 ]
 [  5483.22826476]
 [  5482.48438406]
 [  5481.74179609]
 [  5481.00049644]
 [  5480.26048074]
 [  5479.52174462]
 [  5478.78428374]
 [  5478.04809379]
 [  5477.31317046]
 [  5476.57950949]
 [  5475.84710661]
 [  5475.11595759]
 [  5474.38605822]
 [  5473.65740429]
 [  5472.92999163]
 [  5472.20381608]
 [  5471.47887351]
 [  5470.75515979]
 [  5470.03267084]
 [  5469.31140256]
 [  5468.5913509 ]
 [  5467.87251182]
 [  5467.15488129]
 [  5466.4384553 ]
 [  5465.72322988]
 [  5465.00920104]
 [  5464.29636485]
 [  5463.58471737]
 [  5462.87425469]
 [  5462.1649729 ]
 [  5461.45686813]
 [  5460.74993652]
 [  5460.04417422]
 [  5459.33957742]
 [  5458.63614228]
 [  5457.93386504]
 [  5457.2327419 ]
 [  5456.53276911]
 [  5455.83394293]
 [  5455.13625963]
 [  5454.4397155 ]
 [  5453.74430685]
 [  5453.05003001]
 [  5452.3568813 ]
 [  5451.66485709]
 [  5450.97395376]
 [  5450.28416767]
 [  5449.59549525]
 [  5448.9079329 ]
 [  5448.22147706]
 [  5447.53612418]
 [  5446.85187073]
 [  5446.16871318]
 [  5445.48664803]
 [  5444.8056718 ]
 [  5444.12578099]
 [  5443.44697216]
 [  5442.76924186]
 [  5442.09258665]
 [  5441.41700313]
 [  5440.74248788]
 [  5440.06903753]
 [  5439.3966487 ]
 [  5438.72531802]
 [  5438.05504216]
 [  5437.38581778]
 [  5436.71764157]
 [  5436.05051023]
 [  5435.38442045]
 [  5434.71936898]
 [  5434.05535253]
 [  5433.39236788]
 [  5432.73041178]
 [  5432.06948101]
 [  5431.40957236]
 [  5430.75068263]
 [  5430.09280865]
 [  5429.43594725]
 [  5428.78009526]
 [  5428.12524955]
 [  5427.47140698]
 [  5426.81856444]
 [  5426.16671881]
 [  5425.51586702]
 [  5424.86600598]
 [  5424.21713262]
 [  5423.56924388]
 [  5422.92233673]
 [  5422.27640813]
 [  5421.63145506]
 [  5420.98747452]
 [  5420.34446351]
 [  5419.70241905]
 [  5419.06133818]
 [  5418.42121792]
 [  5417.78205534]
 [  5417.1438475 ]
 [  5416.50659148]
 [  5415.87028436]
 [  5415.23492324]
 [  5414.60050523]
 [  5413.96702747]
 [  5413.33448707]
 [  5412.70288119]
 [  5412.07220698]
 [  5411.44246161]
 [  5410.81364226]
 [  5410.18574611]
 [  5409.55877037]
 [  5408.93271225]
 [  5408.30756897]
 [  5407.68333776]
 [  5407.06001587]
 [  5406.43760056]
 [  5405.81608907]
 [  5405.1954787 ]
 [  5404.57576673]
 [  5403.95695046]
 [  5403.33902718]
 [  5402.72199422]
 [  5402.10584891]
 [  5401.49058859]
 [  5400.87621059]
 [  5400.26271229]
 [  5399.65009105]
 [  5399.03834424]
 [  5398.42746926]
 [  5397.8174635 ]
 [  5397.20832438]
 [  5396.6000493 ]
 [  5395.9926357 ]
 [  5395.38608102]
 [  5394.7803827 ]
 [  5394.1755382 ]
 [  5393.57154498]
 [  5392.96840052]
 [  5392.36610232]
 [  5391.76464785]
 [  5391.16403463]
 [  5390.56426018]
 [  5389.965322  ]
 [  5389.36721764]
 [  5388.76994464]
 [  5388.17350055]
 [  5387.57788292]
 [  5386.98308933]
 [  5386.38911736]
 [  5385.79596459]
 [  5385.20362862]
 [  5384.61210705]
 [  5384.0213975 ]
 [  5383.43149758]
 [  5382.84240494]
 [  5382.25411721]
 [  5381.66663205]
 [  5381.0799471 ]
 [  5380.49406003]
 [  5379.90896853]
 [  5379.32467027]
 [  5378.74116294]
 [  5378.15844425]
 [  5377.5765119 ]
 [  5376.99536362]
 [  5376.41499712]
 [  5375.83541015]
 [  5375.25660043]
 [  5374.67856574]
 [  5374.10130381]
 [  5373.52481243]
 [  5372.94908936]
 [  5372.37413239]
 [  5371.79993931]
 [  5371.22650792]
 [  5370.65383603]
 [  5370.08192144]
 [  5369.51076199]
 [  5368.94035551]
 [  5368.37069983]
 [  5367.8017928 ]
 [  5367.23363228]
 [  5366.66621613]
 [  5366.09954221]
 [  5365.53360841]
 [  5364.96841261]
 [  5364.4039527 ]
 [  5363.84022659]
 [  5363.27723218]
 [  5362.71496738]
 [  5362.15343013]
 [  5361.59261834]
 [  5361.03252997]
 [  5360.47316295]
 [  5359.91451523]
 [  5359.35658479]
 [  5358.79936957]
 [  5358.24286756]
 [  5357.68707675]
 [  5357.13199511]
 [  5356.57762064]
 [  5356.02395135]
 [  5355.47098525]
 [  5354.91872036]
 [  5354.36715469]
 [  5353.81628629]
 [  5353.26611318]
 [  5352.71663342]
 [  5352.16784506]
 [  5351.61974615]
 [  5351.07233476]
 [  5350.52560897]
 [  5349.97956685]
 [  5349.4342065 ]
 [  5348.88952599]
 [  5348.34552344]
 [  5347.80219695]
 [  5347.25954464]
 [  5346.71756461]
 [  5346.17625501]
 [  5345.63561396]
 [  5345.09563961]
 [  5344.55633009]
 [  5344.01768356]
 [  5343.47969818]
 [  5342.94237213]
 [  5342.40570355]
 [  5341.86969065]
 [  5341.3343316 ]
 [  5340.79962459]
 [  5340.26556782]
 [  5339.73215949]
 [  5339.19939782]
 [  5338.66728102]
 [  5338.13580731]
 [  5337.60497492]
 [  5337.07478209]
 [  5336.54522706]
 [  5336.01630807]
 [  5335.48802338]
 [  5334.96037125]
 [  5334.43334994]
 [  5333.90695772]
 [  5333.38119288]
 [  5332.85605368]
 [  5332.33153844]
 [  5331.80764543]
 [  5331.28437296]
 [  5330.76171934]
 [  5330.23968288]
 [  5329.71826189]
 [  5329.19745472]
 [  5328.67725967]
 [  5328.15767509]
 [  5327.63869933]
 [  5327.12033072]
 [  5326.60256762]
 [  5326.0854084 ]
 [  5325.56885141]
 [  5325.05289503]
 [  5324.53753763]
 [  5324.02277759]
 [  5323.5086133 ]
 [  5322.99504315]
 [  5322.48206554]
 [  5321.96967888]
 [  5321.45788156]
 [  5320.94667202]
 [  5320.43604866]
 [  5319.92600991]
 [  5319.4165542 ]
 [  5318.90767998]
 [  5318.39938567]
 [  5317.89166973]
 [  5317.38453061]
 [  5316.87796676]
 [  5316.37197665]
 [  5315.86655875]
 [  5315.36171153]
 [  5314.85743346]
 [  5314.35372304]
 [  5313.85057875]
 [  5313.34799907]
 [  5312.84598252]
 [  5312.3445276 ]
 [  5311.84363281]
 [  5311.34329668]
 [  5310.84351771]
 [  5310.34429443]]
Training E_MRS:  3.0363378819528966
Testing E_MRS:  3.254340517358172
